10000
1459
3145
5006
7414
4347
6004
2778
1321
3769
3613
7886
1950
1900
2148
9022
3069
2797
2415
9854
8713
1387
2140
2996
7049
208
3844
2859
8215
8834
6508
9008
306
586
2342
8788
3818
6969
7064
3162
132
3742
2498
1724
3830
5949
3908
728
1758
9635
1473
6265
1546
5230
9376
5131
9604
804
712
4432
5543
6953
536
8178
2767
2837
4510
6321
9606
8879
4303
7162
678
5487
90
6448
9539
4719
1129
2819
2826
8044
4491
3706
2665
9035
156
9380
5754
9292
2946
3843
9544
5488
3621
24
6831
9905
3344
13
270
5015
3408
637
6424
7145
4289
1630
311
5267
9077
6631
8309
7598
9108
4169
2466
8799
4066
4537
4592
6160
1140
3695
9797
8964
8502
6392
2189
9391
7708
7510
2187
102
8168
7675
4150
5226
8303
2329
4478
2899
4819
404
7581
9161
7597
908
660
7796
8961
8862
3794
9774
9512
4065
6580
6444
3667
7482
764
7185
1658
1580
9723
1872
1063
9599
3996
224
7561
3128
8597
7478
7991
5140
2345
651
8752
5900
7153
9160
7219
3230
5902
4600
8678
2658
7869
3877
1752
7065
5169
9758
4743
6716
2962
1169
2835
3435
739
486
5380
9175
7771
6519
2305
3438
5483
4358
6427
6456
4930
7367
740
7155
5553
4472
5974
5235
3636
116
1829
618
7257
7349
7845
2976
8572
8440
9624
7990
1279
3569
8097
297
8566
1617
5590
8825
4476
1261
1485
4390
351
6481
5177
5123
2036
2431
7019
4915
4031
2915
4011
2159
5476
3219
5557
8794
6222
9885
3218
8553
4851
7417
5415
9328
38
4486
6127
3002
5772
9375
6124
2628
9048
7254
3015
2891
2238
3937
6047
7477
2063
4151
5562
2088
5520
5417
3466
5939
3689
5619
6578
2838
3340
2649
8153
5830
5392
1719
4452
3780
3292
1215
1991
5172
3430
5084
3000
5290
7123
1412
31
9291
5751
7374
8348
1753
5984
4843
5402
2537
6369
5064
4210
8000
86
4451
3987
3703
6596
3739
5569
1086
7539
84
3090
8560
5909
8315
5180
3892
7126
5837
6849
392
3700
646
8449
5606
5265
1891
3170
4170
412
9326
7215
300
388
3698
2331
4611
783
8683
1816
6817
4789
6992
9379
7564
887
1098
6474
4924
7671
1067
4820
8249
57
7134
6241
4046
9158
4688
8390
5527
2086
8522
5868
7221
9762
693
4317
9497
1722
669
5292
1706
6694
60
9409
9581
5113
6679
9623
991
2734
3076
3070
8074
8549
5757
8970
9421
7487
7926
7868
1686
6236
1010
6365
328
6915
6777
1339
5133
4163
8782
161
9470
5446
8261
5082
7563
7473
8777
1451
7081
4707
133
9974
6186
850
1622
6819
9266
6810
2290
7311
7157
8200
5584
6262
2279
3142
9332
6269
1340
2399
2776
8811
4454
9273
8043
8611
3444
8516
9533
6366
9952
2522
2403
1176
6908
6608
5359
1080
2123
1715
1091
8727
7390
6724
9215
7840
5805
3913
4382
4272
516
9792
2293
6808
2182
3062
3646
4802
2856
1717
3688
9805
5045
3510
6622
3117
8598
7491
1155
3327
8112
1437
5579
1300
8840
5426
3478
1139
3214
4880
3379
4922
7871
722
1448
2281
3724
8150
1327
5070
8565
2563
1739
4371
7621
1558
4105
9105
4898
8797
4695
1260
959
2011
4201
6488
2234
6206
6010
6152
8226
9282
2003
1542
8550
6872
7567
5625
6235
4455
4869
4321
8375
4683
6995
2897
8547
6930
2870
7935
8949
8696
1045
524
5182
9980
3311
3281
1977
2822
9416
3579
6129
7339
6248
3776
9449
7295
4587
4021
4221
1825
4684
8659
8623
897
3083
6254
3906
8596
904
6551
5898
3439
5156
9146
6711
5682
9939
7763
1179
6297
7107
4826
589
1349
5482
4103
5698
8176
4061
9188
1427
1710
2122
8555
2158
1804
3851
7420
3035
6079
9359
9042
7211
8276
2618
9841
1915
7224
2900
9353
5776
2064
3867
234
1536
2969
3640
3072
2231
3420
8619
9728
8264
1055
4999
3624
5149
3581
6412
1136
353
8132
1700
9876
5266
5876
1102
6380
7305
9315
9362
1159
2476
9718
3728
4045
8347
6381
988
6270
4107
3186
446
1168
6863
4450
8295
4141
711
1062
7793
9388
8916
8174
2161
2710
7894
5217
3198
2185
8739
6176
2261
6737
8378
7585
7669
4520
3297
4619
8641
3433
2756
8962
4770
1539
2702
2517
5103
7998
1761
3103
9696
124
981
3620
9184
553
8069
5204
2246
2306
3801
4582
8721
607
4300
1315
7177
2847
7580
4606
5897
2109
1299
1246
6618
952
115
5771
344
2656
1170
2813
2514
5745
7036
3413
3671
3164
3814
5382
3793
195
8302
6502
5035
4070
8867
7999
464
6042
3134
9341
3449
1924
1883
2029
7721
3183
6600
1762
8536
7702
557
3404
135
5058
6504
6453
1152
9093
6220
8475
158
5592
842
7066
7139
5104
5848
6749
753
562
1316
9005
5657
7985
4912
4861
1156
510
6363
6103
8906
7303
9339
4246
4670
5814
4682
424
9075
6032
5250
1570
7210
5364
8403
8724
7678
673
3104
220
632
1438
5218
237
4777
5910
4563
6548
644
6696
9255
5807
7276
6217
163
3976
4853
8131
3761
1565
9032
2858
391
9367
5207
6669
8882
4117
2967
1116
2268
4766
4790
3694
8029
5069
4142
2220
8957
2873
8865
4003
9252
1216
5258
5734
6585
6139
3964
5144
9422
7740
800
2235
3007
2492
9822
4187
5533
3033
4921
8197
7673
9531
440
6824
3412
3462
2433
485
5973
8212
601
6000
310
1788
677
4799
8149
5596
8725
3018
2844
499
337
1201
8587
9136
9033
8651
9515
5222
2125
1609
3246
8281
7318
9206
3271
9835
6637
6738
4440
564
2814
1705
2591
6119
2518
69
9438
8292
5977
634
3407
9706
6276
2320
1498
9820
581
7167
1262
1423
2054
7701
3580
205
7245
807
70
54
7566
8343
5450
9591
1671
7448
8195
1070
453
3196
1252
2987
6260
6545
5205
5468
3656
147
8518
731
8868
6100
6841
9880
2744
1350
1167
1134
9311
2558
8099
7031
9366
1862
3472
2144
9680
1378
5841
467
5280
7075
4118
7501
3889
7230
9006
4657
7915
2272
8056
1526
9930
8073
9741
4785
71
8943
8471
5824
1230
3373
9111
3047
3303
4345
7038
491
9257
7737
5749
1218
9472
9921
3202
7520
6154
6752
1493
2560
5992
4882
2080
3213
2529
3899
1137
8508
713
3819
4157
5319
4562
377
3729
9827
8719
2018
2729
6563
5786
6292
8330
6557
4009
6239
891
3842
3558
56
1662
4076
585
1709
2633
4579
9948
8563
3296
6537
2995
5643
9743
7342
3005
477
101
7068
9083
9086
2761
6447
1643
1893
7199
2746
1381
3249
6646
5889
3415
6805
8968
8398
3791
4494
402
314
9480
1648
9269
7681
9520
8589
136
6178
1024
6910
7829
9831
8089
2801
3166
8167
7574
44
4949
471
9910
8326
3522
5566
5908
8958
1550
4857
9691
4072
5635
5288
3519
6747
790
7325
7668
3058
3284
831
9675
9679
51
144
4758
3427
1838
7814
528
1984
8776
1988
8351
7326
8801
7015
3325
3713
9567
8172
4961
8252
7531
2914
6094
6081
600
2532
5117
5159
8166
2105
2960
3027
7880
3
1780
1199
720
9907
7002
2927
9628
3919
9576
3369
2030
5078
8444
9467
3678
685
1571
9061
9705
9098
6525
8858
2872
5054
9287
2698
1852
4419
3719
6011
9986
3341
8658
3239
3505
5867
7424
9694
398
561
4713
4720
1973
7980
2592
5671
7965
5480
1372
2217
6164
5871
4508
410
211
8644
4036
3184
6382
5600
2830
1110
7437
4938
6348
6555
2526
9840
3255
9851
9681
4775
4840
4879
1996
1562
1848
8677
6965
3243
5777
565
4547
5315
1430
1027
7483
5444
9141
9545
7541
6616
7590
2201
1165
2277
7220
6375
4865
7138
2098
8733
3410
1527
1286
1465
9580
845
4801
4566
7425
5499
8544
7838
3366
2651
4245
9305
1141
8325
8609
2347
9479
5145
7076
9561
7017
9642
5632
9573
3389
5819
6714
7142
3902
4360
9494
689
131
6313
2250
1660
3977
2963
7189
2315
5563
3447
2114
4588
5
8951
7070
5983
8831
3887
9258
7604
8163
7003
8165
239
7674
7285
941
3204
7557
5271
3995
9557
9234
5012
5073
411
8496
9271
8473
236
9951
1046
956
8161
2796
6744
3564
478
1003
3553
81
346
8143
6581
3609
6005
5024
137
289
2520
968
9847
1508
2346
1482
3824
7540
4733
6510
9459
1014
2895
68
5269
648
9997
518
2091
2583
1244
2087
5247
5580
325
8078
7518
2474
4056
9286
2380
6085
6052
2120
6885
5943
7714
6122
6542
6607
6095
9346
8494
5023
1936
6097
5760
2920
7368
6065
6767
4283
6273
9091
8396
3371
111
6493
7865
2395
9267
375
1664
5162
4630
8369
948
7032
5693
5806
6299
308
881
6298
9620
8453
810
8372
7526
9920
3197
5202
3500
6426
6170
6482
1814
4385
3932
924
8810
8188
4173
4429
5016
9220
526
8993
6604
5831
4330
5245
1358
6407
4038
0
5458
3825
5441
8385
8628
7423
6575
1906
590
7082
7892
8514
359
7213
928
8616
2676
4392
9177
1794
2169
8790
1655
5464
3429
4608
5544
7616
6734
5343
2375
9931
2145
2642
3342
1667
2740
8064
5650
1447
3496
8796
5843
4179
7757
6721
1791
8953
5423
7194
9672
6286
2689
79
3968
8360
1865
7517
6258
6839
4500
7812
3907
8933
6806
2944
7776
3191
4742
2716
5648
511
2805
778
1659
1005
7217
6682
8395
4195
8509
5185
6939
9300
2249
4047
1564
1343
3442
769
4053
3584
1919
5689
5629
2353
6769
5377
8524
6446
7351
5477
7658
2611
3561
7409
1285
9432
7615
4428
1760
6942
8718
6050
4585
3588
3455
6041
2709
2903
3635
9975
1729
6464
690
72
7797
9369
1392
1754
5854
8905
154
7713
5171
7352
1128
2862
8987
3406
5338
9180
8489
925
6419
4881
8581
3661
4175
3411
4243
6526
5649
1323
5614
6613
9466
2998
6740
3097
7839
5445
8242
3175
9272
2046
8568
1109
200
357
1684
3632
3080
7122
2365
7494
4530
3531
6318
8941
1747
5989
2348
7780
7468
2990
4212
7620
5153
3591
3603
9424
1943
2584
9653
2655
2334
666
8785
8636
9571
3807
264
1614
5489
5999
1180
2717
2975
5588
3345
5574
9097
343
1736
4626
7387
5279
7365
847
2096
5747
6311
4599
2121
8490
2323
3916
9137
7267
3384
4678
8567
1466
3848
4228
8094
7028
3528
9240
4496
7315
1774
2738
5525
12
8011
2126
3418
3276
7280
7381
6148
703
20
9829
7300
7021
4955
4572
3339
899
9590
4764
4295
8022
679
4577
5821
2117
7470
2081
6708
1514
4042
1781
6312
5429
1069
2627
7560
1366
6334
4106
5030
5998
3878
3829
4082
8952
5420
7171
6756
6040
6560
9668
5953
914
9625
4350
7314
7645
7191
2224
5384
8742
8554
1333
1965
6066
3773
3721
3642
3358
547
5331
4721
6874
2626
1901
3203
8745
6467
4986
6540
9640
684
8345
2670
9364
8912
5740
1501
5291
6126
9370
2739
5710
4479
7752
5573
1469
1099
7180
1365
9703
6917
4980
8388
7144
4449
4504
2464
305
1402
4544
8979
8709
7008
5794
5628
3160
2849
1509
6794
4612
9096
2580
15
4691
6906
3953
9262
5132
9443
9689
335
6726
6367
7783
8784
4007
5646
3720
6435
8318
3282
204
5322
3845
7163
4763
4992
4176
893
1845
9943
916
1605
530
818
3370
8499
8679
3802
2879
7443
1860
9295
1535
4052
6033
180
8371
7764
6804
1642
1445
8244
9247
936
1959
9229
8528
3248
860
3525
6978
520
2504
9268
2697
2811
1041
5981
714
3852
4375
4359
5666
3497
3374
7521
1847
9491
9787
535
3872
1840
4354
623
3847
3206
6212
4784
243
2809
5080
8871
2216
5789
3149
8469
2521
1629
8256
1127
8617
242
9752
3763
5712
841
3592
8813
5947
868
955
1949
7218
6022
8414
1089
7202
4960
725
8661
8035
4322
1368
9870
4339
1174
6862
844
999
4854
9374
1259
8251
7683
8437
1484
5505
7525
4916
3426
5344
3467
9293
1566
4918
8481
1650
7388
8704
6245
9971
2650
3087
9666
1407
3691
2513
7340
2588
5532
6761
8180
3860
7269
1214
14
3474
827
5558
2236
431
9796
9908
913
6246
9650
6959
6102
735
6175
3512
2441
157
3714
9874
30
3809
514
7307
9504
745
6054
5061
5925
1922
6432
1200
2929
5700
9667
9777
8625
2937
2922
4613
9536
9113
2024
9836
5855
7404
4998
7309
6107
2239
4386
1895
4676
8048
3123
3290
5778
721
9601
6108
5695
4760
429
9428
177
6300
3458
9244
4234
8833
609
4470
942
7813
7396
6397
332
4314
7960
1233
3381
4093
4825
5856
6587
2625
521
1453
2727
1707
8175
4899
4647
1517
5022
2452
5176
3511
3224
7436
8689
8488
3863
4976
8948
215
7507
9552
6974
9610
1773
8193
3394
6523
9543
5004
1741
4809
6505
3590
1778
4320
2225
5872
5676
9738
3278
8087
1714
878
8124
3805
3969
5572
1257
7201
6184
6006
183
482
8821
9850
5037
923
6621
3045
3451
1502
5578
8682
2941
3400
4614
9288
1226
6597
6912
8578
7927
9583
4025
5880
7571
3628
3483
1413
2678
5944
7933
6832
3280
2336
4780
1406
4254
181
8656
6638
5731
7116
1147
5663
9309
1772
8505
4601
8532
7379
8627
5065
5599
1196
8601
2327
8156
9402
6379
4923
2258
2617
1163
872
2991
4159
8716
6240
2424
2909
933
9219
3917
7849
2774
290
2936
4521
6754
4484
9156
5374
7626
6046
9327
8966
633
2057
4349
9727
9962
3541
3862
5059
4200
9862
6429
5497
5661
8306
6562
6543
8530
7011
8922
1764
8081
6662
2938
1908
5555
5863
7184
3623
459
9716
4396
4017
481
9187
3419
8828
2875
1615
5038
2681
2720
5474
2270
454
638
1270
1061
605
8985
2487
639
9193
5641
3942
6274
4726
4889
5493
9804
1698
6354
4205
6013
5127
8793
4101
6534
1866
2783
3233
3503
1779
1770
6360
7490
8323
4756
9597
7333
4459
7958
8247
6166
8686
3494
9641
1282
6075
3147
5853
4372
6197
8506
2824
2134
1090
1597
4060
2968
848
7288
1347
4262
8322
457
6844
7992
8504
5206
1367
23
7819
5454
2728
9649
7016
2550
7648
6020
7688
1064
4965
7289
9661
7689
612
6933
6281
9386
4471
1920
9458
7997
6760
3471
8669
7972
4389
2886
9929
6395
9372
8426
4307
5141
3674
1681
8230
128
3270
5502
7631
1557
7916
6593
42
9125
8674
3347
8293
9542
9475
9846
4397
2534
3527
2829
7331
9994
9363
4818
7279
5029
7697
9155
8027
5109
2423
4538
1544
4418
260
5995
8891
7975
1238
5986
5827
7966
7274
7686
7034
2696
4078
7964
8008
4549
3326
6002
4583
1382
8015
3124
487
7197
2256
4950
9085
6602
4079
5301
1974
1942
1360
3111
6422
9683
4555
4632
9898
8364
5057
3594
7930
7799
4729
3355
1364
3984
3492
7682
4591
6967
7734
5547
5209
6940
1211
8653
3873
9976
5743
5658
7320
7594
5707
7426
1065
7366
1506
4263
3544
5862
3049
7552
5816
9883
8265
1923
9684
1793
2387
3193
2925
4987
9555
8692
1944
6882
5342
9945
1149
3596
4198
2821
2817
7438
5719
1734
9629
4767
1480
6988
2428
4041
846
2683
2062
4109
6291
9551
1354
3630
8730
5945
4482
387
3250
708
5385
2516
813
9688
3874
6255
9857
7918
4947
3536
907
213
8665
8354
45
1486
9938
3188
7183
8590
5496
2193
2241
7711
9702
4225
2637
5961
8888
4311
9933
258
4988
8570
4480
495
3799
3336
94
3395
7596
5236
3542
2823
7058
4291
5275
8706
3350
109
7735
6968
9259
1699
8734
5394
7528
667
5323
992
1337
7969
5836
169
5416
3648
6689
8456
2147
1835
4068
7870
9054
9152
2508
5412
5191
2301
327
957
7395
6796
8240
7663
437
2020
5370
8741
1910
6513
4433
1726
2657
2765
3121
984
6753
9381
2259
6145
8380
8133
6826
2983
2825
5313
5519
2223
2726
2325
2388
5421
2737
7133
9726
9924
345
5234
9570
2295
8924
5587
4402
5506
7509
809
604
7988
9639
3823
7862
2608
7765
4714
2478
9418
5828
2604
843
1258
418
3582
2721
9768
7275
1669
1296
3078
9191
2199
2930
1478
9755
4934
9232
4550
196
4773
2723
4473
2076
7238
7806
7974
8792
266
503
107
6475
5822
8667
22
9199
8361
100
8408
1353
9465
3645
4462
1104
9325
4361
9781
8214
1689
5976
1250
1071
6028
4026
479
8768
3034
7558
3905
3006
2175
571
9506
187
4323
2209
8280
6198
2701
7996
348
6256
724
3752
2749
8202
1821
4724
2310
2984
4631
2590
6590
6371
4926
6189
1415
9562
4737
7931
3963
114
7489
7200
4297
4087
6821
2581
8872
608
4080
5758
6991
9959
1516
9724
9059
9178
9848
6385
7638
8972
9863
4304
2015
699
3517
9211
5443
2854
9484
8392
5254
6828
8493
1926
9360
9548
5365
7025
3099
2457
6532
6702
2429
6924
7439
7786
1295
11
4230
4394
8367
8289
4123
4236
1634
4351
559
9968
5018
8634
6007
7914
9966
1690
3236
1590
5526
2864
2948
4216
8525
8626
1874
2600
643
9338
3654
5053
2486
6873
8241
2314
5099
7657
6439
2210
6192
6324
3156
4235
9791
6497
4090
6345
853
1429
4888
1405
5154
2931
4091
142
247
6115
9528
7100
1983
2197
3063
672
2555
4129
1383
2554
8464
1212
7268
9222
1426
6244
1833
4447
3839
4431
5256
4028
59
6941
9174
5305
4057
8753
8519
2135
554
7770
4217
5764
8925
7534
1903
5684
2385
9656
1356
1771
5081
8694
8645
5223
2194
7498
7789
2400
4114
3784
7030
2472
2853
8224
32
6820
5339
1386
4890
1400
2661
5049
2714
4144
874
4989
1682
53
9607
5324
1548
416
356
4625
5333
9586
5050
2902
3349
9983
4650
7361
3143
5727
5009
1519
2913
2349
1028
2596
9196
7041
8668
4862
1449
7290
4313
6564
6112
4624
1398
1652
3258
5201
6880
3717
7884
4782
6282
5492
2390
9426
2795
2484
103
8
2214
7889
6078
2777
8770
8695
4655
6950
4746
7987
5817
7867
5811
7732
6800
3543
5985
2382
5994
3107
5129
7630
9487
1160
8819
3979
670
4807
2757
7421
8907
8451
4993
4507
379
390
583
1807
172
3028
5946
3764
1190
6731
9693
93
8655
9772
1219
3356
7855
9176
7828
9076
5804
6454
8075
6110
2071
2904
1735
5873
588
1043
248
9166
8183
9082
2162
8980
3923
5597
7742
18
5240
7745
9090
2752
3788
5255
7704
6568
659
3961
3207
2047
1799
4908
9390
9394
4620
378
9819
6670
8629
5936
9519
5286
4288
7644
4305
1573
2164
7104
4222
839
9038
4532
1227
6825
88
8476
7602
75
4666
7085
7821
5318
5321
6938
9957
4962
9715
2298
3891
4696
7747
1105
3683
7937
7252
676
9753
4287
1181
2414
8605
5460
6342
3840
2442
9084
900
927
3800
9736
3904
5151
4469
1346
1812
880
9140
2955
7454
3627
2051
3289
4493
6358
9153
9592
9566
9478
5237
3655
6473
6131
1153
3685
5500
4885
3880
5942
569
7109
6914
5186
8816
906
9314
4477
2267
1189
6460
2386
1588
7118
9982
1178
8576
4658
4084
1122
7800
7348
1512
7170
9669
5105
8458
73
1242
9775
9433
6293
1363
3836
7255
7446
8191
4456
6659
9749
2254
9452
1420
4904
4892
3317
3727
2965
4356
5419
9142
63
8607
474
7844
645
3711
7324
3730
9719
7407
9138
7994
3909
3135
795
7488
3990
527
2021
6514
160
8965
9572
1613
4946
2971
9112
451
5198
3266
125
6867
3659
7464
9877
8500
3482
4913
7605
3959
8459
1334
2368
7159
2994
1456
7983
2589
6193
7993
9312
4970
5536
6865
6871
7389
8728
1837
6630
7891
6601
408
6238
820
8647
1394
7635
5752
1467
8855
1610
6053
1750
2459
6275
2988
2191
6340
3701
5190
1411
6035
7192
6925
8208
4426
6717
738
498
4877
5878
3279
791
2001
7182
5203
7127
3126
5143
6257
3022
7519
2473
9275
2025
5367
509
3572
6640
6242
8024
4463
8284
350
3817
8320
1503
307
5851
7198
6649
1341
1639
8368
3509
5253
2712
7346
8577
1525
6698
1479
683
9922
3365
5966
1401
6302
9053
5692
6774
5932
6120
8098
8328
3059
793
8245
259
6
2218
46
6911
5007
9901
5088
815
2751
3657
8622
8501
1487
7790
7196
1049
9532
3493
9871
6680
9872
3597
320
8461
9163
5083
374
9126
9757
8774
9029
2094
8579
2275
1751
2137
980
8994
8462
6759
2023
9722
6465
1338
9313
7411
9350
8217
7672
7009
4597
1239
8114
5238
1248
3437
2394
7188
975
4279
9540
4686
5790
2016
6496
754
9648
179
1294
574
5793
8384
6247
2130
9010
9214
5087
5840
7090
1118
3360
9916
7344
5410
3903
8187
6636
6105
1967
9844
7898
8442
8643
3346
5627
6685
1755
8754
393
8701
5090
9660
9310
9643
3353
8026
3227
7691
2132
8438
5938
9634
423
2106
6838
7948
986
7357
1206
4645
9254
8121
9559
8604
5705
4757
1057
2615
9436
9886
3626
9058
756
8812
5509
5066
1744
6374
4014
1052
3396
766
8409
3065
9389
5278
3354
3304
3614
7730
5031
3575
8999
4140
9002
3321
8663
3322
3754
3956
5287
7719
6096
2958
7074
7328
3598
3798
6853
1951
5775
6876
9395
7643
8995
3649
2793
2632
4903
1716
1111
8847
1042
9483
3489
5518
5175
340
5302
3950
1468
9955
5048
4405
9404
460
8852
599
8120
2203
6472
6471
9747
2458
8722
2372
1549
3931
6701
7836
2142
6199
7237
2552
5457
6190
3115
3910
7077
4871
9486
7474
9526
9969
6434
9860
5020
4202
5773
9674
3827
2282
5388
1846
9602
3856
8290
7024
7731
5634
3615
5348
4765
1171
4810
6430
2297
7887
9456
8595
5055
2374
5063
9631
4637
3982
8531
2794
6049
940
937
2136
1424
8138
8806
9104
3096
4925
2691
5396
7131
6778
6252
6506
9358
5685
8450
995
2981
549
1592
9903
1034
4863
9469
4594
1231
2422
1374
3947
8483
4652
225
910
2183
5609
1154
9488
441
294
3686
434
1589
3868
1850
7952
7550
9897
3473
6632
3933
1596
9825
3240
3093
7166
8700
1946
3599
6878
4134
4774
8401
2502
9089
4290
5120
4270
2570
7677
7479
9318
9767
1625
5783
8775
5093
8355
3672
6897
5812
3456
7932
2391
4095
7722
6234
2251
9382
7160
3153
777
2593
4030
9790
2974
5914
6730
7795
4282
253
5453
4067
6614
3734
1470
8981
1913
4310
5991
3182
2412
3064
1362
2719
3501
4348
8798
1115
892
9052
82
6039
4893
5122
882
5605
1304
3864
7535
4341
3886
3102
7536
5736
2163
5478
28
4089
4357
8349
1713
5842
164
273
1331
4841
1477
5160
3122
1489
563
8066
2481
8892
2684
902
5098
2341
729
5074
4174
723
7759
4248
7760
6390
2460
8416
4363
4727
3285
8569
5755
1584
5225
594
2788
8358
2831
4194
808
5495
6843
6896
1040
1495
5408
3707
280
8944
4332
507
7971
4436
65
7943
3177
5653
7565
2736
4644
1569
2398
4102
8021
6946
97
1675
983
3524
8873
193
395
3745
9578
6168
5630
9045
9050
1011
7148
3453
2509
6625
6501
9168
789
9251
9167
6027
9122
296
9652
5651
9413
6064
1604
796
5621
4717
218
6822
6565
3274
8105
3684
1972
1695
3305
597
3890
3749
3998
4460
4044
3251
875
1266
7670
9593
1612
3806
7097
6466
5768
8032
1934
9253
695
954
3223
5545
7833
2707
746
490
9447
1318
3261
6558
8429
5899
3348
2131
8335
3138
7963
9771
4573
9114
9357
8937
4083
8223
6353
472
5959
3747
7811
4366
8072
4378
2379
2230
233
1454
4412
1515
2053
1223
6554
5987
3057
681
1702
6509
8017
6099
5686
7440
863
7282
2078
3046
8042
770
4231
7052
5567
6773
5551
8082
5645
963
9861
5604
8273
2901
9241
6956
8557
7451
8447
316
2578
3567
4203
1113
6026
3744
9451
8424
4069
279
1243
7568
1151
5014
8324
5166
7471
1397
3926
9118
8418
6350
4945
3133
6745
9917
7785
3461
6315
3130
4692
8558
5922
1600
2285
8864
5990
7676
6517
4062
6598
9973
7256
6067
7877
4653
736
5636
6250
4703
2677
1076
275
8196
2010
7078
4668
4131
3736
6272
8257
1980
8705
2416
2770
1594
6976
2271
6762
8869
6155
3605
407
8513
2957
6615
6801
5706
1488
7636
4690
8090
6798
4399
4161
2666
8523
9742
5697
403
7093
508
5765
1731
7505
7458
7624
1982
1432
1399
1112
3859
4334
1019
5799
6330
9821
7190
6755
4135
6750
2257
3921
2397
5948
9235
5582
9553
7555
267
1608
2699
3813
3593
7283
6420
6829
6977
7335
2731
198
2940
422
2671
7149
4706
1563
4410
3309
1
9047
8829
263
9462
7831
1283
6080
7499
5513
3855
7099
4838
9149
2371
7634
4954
4002
3974
5858
9336
3631
5017
6559
1579
484
5887
6469
6656
3190
598
4811
2338
7415
2469
5241
7114
4100
9181
4406
726
3179
8319
1025
5792
5859
9298
8592
1008
8317
4956
9858
7265
3468
5210
1756
4917
9855
2772
2845
2319
2404
1038
8441
6719
4982
8421
3480
2022
4636
1001
2954
8111
1587
9588
932
4816
7659
4319
6123
3861
2102
8984
7087
469
6494
8129
4209
4829
5672
2812
8921
3513
886
8997
2166
4557
3680
8058
4541
5413
3158
8363
3174
2443
458
9071
3893
5152
971
758
6723
6486
5387
6171
3951
5262
6404
4687
9731
4639
2009
8250
3180
3751
8376
3589
1345
7264
7108
4094
127
1727
2523
3488
7936
176
4638
5284
8433
4376
5924
2207
5375
2294
1603
3486
9888
9879
1626
8755
5829
3312
8286
2700
1037
2188
5194
4883
7203
3141
4075
6651
5350
4130
3169
3108
7774
1455
8266
6326
9285
4168
4909
768
9892
1574
322
4328
91
5934
9019
1504
5965
6733
9335
9195
3085
8079
175
9554
1095
4621
9663
4901
2059
9356
8758
1085
7803
3833
3574
9217
2369
9558
1668
4388
283
5708
9893
483
3768
4050
7271
3307
1986
1183
2660
9972
3920
3560
9100
9442
2932
1268
380
8077
8956
6296
5529
2779
9225
4693
6903
190
8926
9956
6813
2832
4569
5306
3954
3352
5993
8304
9398
7912
7120
7588
6923
9073
8827
2923
4959
4794
1204
1789
1022
188
7042
7606
9687
7818
3054
436
6793
5785
8507
4034
8291
1108
9014
2500
9900
7940
9248
8548
4156
8399
5150
649
9304
5603
2299
3946
8321
6331
9928
5475
9009
7222
7619
4124
2781
7863
5418
5170
1672
4409
3665
4849
6970
7703
8059
2979
7728
5479
1886
9101
4325
1802
7841
8270
386
4421
1376
2005
8108
797
5931
6227
5616
7035
7627
7951
7758
9906
1620
5956
3490
9963
62
5720
9949
8848
969
9992
7754
3306
3268
8974
6301
361
2192
2444
2092
3876
1439
4944
6718
6057
4932
4596
1795
5640
6333
7343
7233
8614
7717
6673
2541
8917
1422
5980
7906
6019
5561
5521
462
2155
2572
5019
1803
6961
9729
8795
3812
4575
9644
5032
6895
621
531
2103
5972
3733
1624
6417
4808
2468
7329
7746
492
2950
9993
7807
4086
6768
3476
5763
6807
3260
1281
7392
3066
3980
5916
5913
5504
9950
4514
3896
4301
3095
3043
9490
6772
1798
5229
5801
2599
7929
4395
7140
8288
3999
3972
7710
4832
7864
8002
4238
5448
7500
905
5928
9730
5866
696
4184
6495
8028
7953
1968
6030
9838
149
6786
987
7956
8539
8690
281
3200
4244
6249
8316
869
6963
4192
214
6003
6758
3459
9596
830
4008
2867
6672
7641
9794
3432
9817
4617
3647
7496
5337
5371
5119
1776
3172
958
1521
229
2949
8978
8410
185
6811
6934
367
1887
5510
9297
3562
3232
3194
5721
6470
420
8915
9574
9407
3457
8091
3679
4643
4540
5466
5317
943
8783
7649
8300
929
970
3709
5612
244
1994
342
1092
9343
6351
1391
1475
4344
7172
8034
4827
52
6870
8443
9143
9256
5556
9041
6499
321
8935
4137
8271
6954
2138
9655
3264
8804
4048
2956
2784
323
5718
2786
3265
7247
1737
2803
206
9134
1232
5593
6845
9250
7910
7575
5076
2113
2226
9279
9746
8928
2156
8759
3112
8128
9589
9162
5188
8298
3127
6830
4074
4414
9865
3957
4329
4338
250
1692
2562
2247
687
1209
6681
6539
6203
494
5674
7231
9537
606
8104
4768
4860
6552
1303
8808
2383
3215
7056
1213
7632
7664
8649
2151
8327
6137
6952
7873
2067
4952
6546
7707
4788
4247
6068
3040
448
4207
2095
2499
8054
7086
2916
1685
6403
7083
8708
3943
3676
7480
1854
1443
8100
7239
5738
4671
5690
112
2643
1925
7014
5312
5809
6657
663
2613
9795
9778
4016
432
8051
6386
5877
3004
3578
4178
5158
828
304
7369
6387
8152
9735
5911
7542
1759
7422
6485
1676
3055
4481
2141
5051
2575
166
6746
2421
1505
8542
7700
8337
9333
216
8260
4071
6653
9823
5470
697
6936
6949
1905
7545
8805
4792
376
8431
8884
4715
8192
794
2307
9003
9524
4058
824
883
9734
5803
7744
1264
1276
2659
2303
8992
3469
3986
1182
2408
6521
9444
5791
6741
9448
4088
5356
2128
4822
6187
3316
2042
9765
1267
662
7045
2077
126
1192
8206
7589
8959
3586
2417
5261
5360
7273
6795
9670
6243
9513
4489
3639
9316
6077
8285
1873
5138
6144
4126
6440
119
2378
8092
8973
5439
1987
1858
3618
4416
9189
6289
6677
3866
799
2482
6781
9457
6428
9485
8146
8717
5796
2019
6015
4443
6194
7559
5314
2685
9068
9779
6852
8729
1431
4963
2312
5746
7955
2212
5231
2605
5390
9725
1012
3351
3882
2034
2610
9277
1491
5263
9165
2881
6674
2543
6588
5849
8781
6652
5293
1441
2052
5052
6692
5077
7872
4241
8559
2980
5139
1310
4167
9733
6135
1581
3075
6205
6118
5781
4864
9081
7382
6814
1889
1711
4642
7103
6890
5540
533
5823
5486
8468
324
178
6029
9882
9585
3464
7091
2652
3110
6725
2548
8599
4081
7879
3756
7753
9023
2335
733
9476
1856
5406
8130
6159
3985
6785
8591
3328
3898
4274
749
5112
2663
6660
555
2237
5252
7573
6683
228
930
4005
7445
1688
2741
8584
6623
3485
2878
7412
2186
4872
9766
2919
9990
5787
8826
1653
2419
4875
9192
5711
6948
1370
8685
4812
7073
4920
4858
7883
851
7893
2645
2082
1428
8177
1202
6279
6459
9209
7410
3010
2284
5079
1047
6854
6877
6059
1492
7337
9249
2607
299
1293
4387
1474
5369
5498
4204
2992
6892
4181
692
9609
6709
7312
8769
7092
4623
3668
1018
3858
8876
587
1999
1306
2646
5101
5633
6316
1044
1599
9521
25
4206
497
7012
9004
9919
5372
4119
4214
8573
8332
7209
2753
7530
1245
2427
1342
8681
7277
9750
3238
3653
3772
1249
3828
9308
7020
4669
9385
5800
1403
4787
1287
570
61
8945
6836
4400
360
6084
6641
2152
2418
6556
2804
4384
5013
990
9208
9925
1009
7699
9482
3673
2686
6530
584
6792
3269
6191
6635
4939
2004
9371
8574
7860
1904
9499
2154
748
3838
6341
1691
3212
6271
3545
9659
7101
1832
698
189
6037
3914
8772
814
83
3846
2535
9996
9200
7595
1538
9896
934
3417
6055
2157
2494
4253
9671
9301
2928
1007
763
8171
2367
2910
2620
8763
4326
2735
9337
3071
836
861
2160
6611
6182
4015
7755
6697
3171
6675
1121
3242
2037
9692
8939
5259
2602
578
4833
3629
3638
998
3294
143
8055
2732
4226
6633
2070
1646
5490
5042
8702
3052
9183
9511
303
4051
4487
5523
3012
1831
1808
4589
6335
4941
3298
7453
5962
5039
5157
8703
8580
8362
6259
1390
2690
167
7069
6916
9207
9769
4533
9129
792
7006
6314
895
153
9128
7472
8432
5767
381
4369
6266
5363
4453
7854
339
7005
456
8850
7773
9383
2324
4852
6143
9676
1434
7481
2953
5368
8255
4190
617
3871
9941
313
7895
8853
8757
8227
4796
4776
3549
9263
8235
3774
3109
7262
7705
3201
2606
9495
5997
5982
3042
6214
5214
5729
6661
6589
6579
1696
4367
935
8076
6573
6336
8157
5512
7866
4884
4835
751
8455
5978
6705
1985
3106
8875
2240
4704
2989
3222
7646
2515
6492
704
2603
7661
3091
2274
1969
466
3692
3573
6431
2525
1254
5907
1298
1247
5366
9662
1078
1640
5583
6524
8756
1130
6515
7132
8650
120
9182
2330
8231
2724
3364
2475
4654
2461
9535
35
3088
8789
4189
2816
8068
2503
6216
573
6476
1551
1878
822
365
2918
6851
4615
3067
1016
945
8480
6328
2407
9717
7503
7174
2889
3402
8738
3583
3790
8482
3666
9387
3725
4738
9569
1595
9133
2358
8422
6902
4027
3491
7391
1956
9830
2479
9489
3758
8751
7457
2557
8606
4197
6056
4280
8697
7599
7050
6945
6856
630
5539
9024
7666
2545
9116
9474
4518
2798
7124
4340
5373
4499
2
1628
2028
9887
2211
2775
7106
8693
3816
825
5608
5560
575
776
3385
5197
8666
1859
8001
4874
2748
148
203
7251
1822
6062
1324
7820
8807
6520
6445
4752
8301
6012
2672
6285
96
8736
622
920
7982
3377
8854
1312
654
1272
4593
5826
2425
1123
1880
8487
8893
1344
1030
4196
2430
9981
1119
2304
3272
8110
9600
1075
8419
2204
4535
8743
19
7546
7511
2877
6134
8430
4271
6776
2906
7317
6061
368
4689
7850
7743
1947
6815
4971
1050
5930
4674
3796
1907
6583
6455
7548
6086
4931
76
1964
5334
6655
3361
1241
444
5881
9420
2539
3600
8735
8134
4985
2180
1236
9171
2359
6437
9761
5246
5595
447
8510
5857
8248
2093
7611
8145
2100
8671
5845
6263
1578
5282
1534
174
854
2354
6449
6634
373
221
4267
4501
576
7062
2860
7169
475
2228
8857
2352
4887
3159
9179
8427
9148
9739
9284
6690
5896
5404
7950
4441
2448
7154
6377
821
5295
3125
4859
7938
1263
6932
7826
6133
5041
5655
4943
803
5248
9164
7654
7444
4260
7848
6802
2184
2586
7830
8817
4420
8670
3375
8900
7857
1013
8457
1277
5798
2773
2505
5085
4391
759
3329
9550
8219
1220
8061
4565
1319
1921
4064
2851
7967
4092
5996
4824
473
5744
3962
5559
6196
7248
1725
3789
8744
1897
6765
8125
6955
3777
21
1421
3167
7562
6833
5969
642
3551
1195
9107
9793
7115
3161
9801
9964
326
8404
1073
8889
80
1020
8122
5937
5885
1738
6070
3994
8521
5107
7610
7603
9173
3181
182
9115
5975
1844
2577
1135
732
7687
7371
4160
3217
9891
5756
6487
98
4907
3210
2291
4709
5514
7808
5607
9505
7584
5116
9355
6051
4694
6547
2791
5762
4896
8312
3970
7660
2041
7945
6132
3431
2820
6766
635
674
3945
4188
8460
4558
5761
7587
8856
5808
8711
319
354
911
9228
134
4629
5694
4519
4177
449
2800
8814
5381
6280
6783
5838
5918
9828
4430
7941
480
3428
8899
5036
7281
4498
4239
5124
1410
4716
6433
7723
5395
2376
6088
6090
6901
1638
5442
4800
1234
5941
3750
8908
6572
5268
6571
2868
5459
8526
4627
2790
2768
780
2266
7851
7523
6837
1138
7628
5249
6303
9322
1785
614
1576
1275
9080
8181
7376
522
8946
4199
2176
5691
3870
596
3663
6985
2316
1929
5687
8148
9502
6436
889
8767
5062
8740
435
6305
465
138
2703
1670
3924
8170
2170
7223
1970
2370
2997
7434
4115
2273
2706
3633
7377
2243
9212
548
5391
1743
1530
121
7061
1524
4751
6779
9170
719
278
1679
7397
6264
2866
7178
4698
3154
1203
6803
5484
2361
9560
4337
4847
3084
1763
5026
3532
888
7296
8229
3244
9579
4019
6712
1307
8881
5905
1452
9867
1193
8675
2876
6442
8898
1875
1649
257
261
3021
8344
6875
7306
8394
4415
6310
9786
5950
8113
7193
3604
4000
6089
9697
6687
8263
2467
1632
5329
338
1240
8239
4870
1379
8535
282
7461
6990
866
6195
4527
4839
1462
3398
1235
6391
8911
5917
9060
8714
5469
7072
6111
7204
2559
3362
5449
7651
4383
3286
1927
7330
2033
6309
8436
6461
1598
694
3228
7527
4699
4891
8691
1278
7113
8045
4705
4578
2289
4213
6402
9368
8297
802
2066
2616
8562
2855
8870
2449
274
978
7544
9117
4836
4475
3119
5326
2206
2222
6658
829
551
7858
6109
5336
4018
3335
8237
7934
3925
2675
501
3523
4584
1917
4701
6490
6063
5668
1978
9406
7493
5220
9965
8938
48
2435
5056
6639
6423
8633
9393
1377
7259
2951
8346
3263
2006
4679
3782
194
1125
2621
5538
5834
3502
6609
3746
9549
1963
8126
8983
3702
2769
5173
2150
3504
3992
9789
5462
5352
3254
8766
2205
1742
6997
6937
1380
2935
8538
3587
1048
9498
2648
2420
3300
2764
7989
7888
9803
7450
4098
9946
3050
3723
3610
5507
5639
7853
4108
2173
8923
8009
877
1036
9556
4991
8930
7939
2926
7088
8934
6592
966
7986
6071
5431
6091
3565
4211
1351
8057
9231
4264
9984
9233
262
6151
7013
3016
5424
2624
2149
1663
9507
2789
8179
2842
715
8047
9074
7837
4728
3315
3060
2167
6209
9970
2594
8379
1184
2883
8750
7195
2233
9658
2219
502
4001
1384
9704
3367
1144
8998
8296
760
5192
7304
1867
3368
650
8010
9826
8038
9283
2911
785
1033
4242
9144
541
4602
1678
7504
4370
6484
1031
582
4220
9834
4906
5452
8185
2887
8136
1888
2229
5723
7399
4525
4990
7270
3832
2519
7452
3139
5784
394
9088
4979
7297
6850
252
7007
6410
8370
4995
2357
1191
3484
5638
8571
5891
2836
4164
9806
7401
1106
8314
6610
3557
7762
3991
4634
7130
750
1051
1006
2115
9811
4759
9437
3735
876
3681
5770
967
5970
2546
8352
6664
7792
7232
3092
6149
4509
6962
231
5115
5349
2999
4138
918
9043
616
4553
4437
9340
2501
6511
6261
1834
8837
9677
1890
8835
7902
7608
6626
2440
2360
2695
9403
3506
558
4722
7727
979
1661
95
837
3741
7846
9595
4511
972
3704
3585
661
2634
1958
4112
186
8672
372
5528
8602
7018
1704
246
857
5436
9947
7433
9079
2179
9647
976
2108
4744
2674
7726
8117
595
3696
152
5735
7467
4233
2027
129
8637
1442
1723
5724
4723
6980
1531
8975
4424
5147
8897
3559
7917
271
2759
6927
8593
3738
7693
9349
5211
6971
610
3082
5308
9094
6603
9682
4672
7607
7187
5623
1931
2750
2890
7095
8737
3566
6172
4781
1683
3602
2035
7156
4110
9147
6784
8407
5355
5602
3883
4099
4492
9123
890
879
6025
9018
3869
2269
9530
7768
268
6304
6973
7292
2438
50
5195
6570
2445
470
442
3446
6225
7327
8106
9637
4830
5696
6185
3748
3820
540
5296
7302
8988
4803
6001
2174
3651
6684
5884
6230
123
4646
9135
414
7543
7901
105
1693
3547
5434
9927
688
9740
5277
3105
1083
2083
1909
3414
3116
7698
6645
8940
6627
2841
4515
5753
2952
9150
3821
6775
4568
1017
577
4856
8228
5620
5043
6859
9616
9025
9564
1082
8101
8310
5461
680
5699
3277
430
4844
2754
1651
3372
8397
5725
9633
3313
7600
7137
199
1827
2446
7354
427
5330
171
7234
2068
6036
2165
9070
2124
5351
4439
858
8225
3971
1561
8492
4536
9843
4551
8942
3380
1914
7372
2333
9055
3257
7798
2470
5328
3884
3101
5467
9198
1317
1805
775
9306
8859
647
8218
5089
6591
5920
1059
6370
8071
8732
3320
5888
9345
5118
3556
545
312
4413
3712
3388
4598
2079
2497
9329
7724
4055
9833
7294
7725
6894
6038
8268
993
4054
1928
2116
675
1408
9538
9878
5904
5967
816
9712
977
9636
298
6648
3888
9365
6136
7623
3150
6544
782
7979
219
8233
744
5303
4172
898
4761
4996
7876
4983
8982
9265
946
1894
8582
396
352
3660
2198
7919
7777
1892
7226
67
542
5276
3740
5121
8439
4564
5879
544
241
7121
104
2711
6450
2561
8902
7815
4425
5327
6599
8142
9120
8843
9845
4250
7847
5325
3168
7816
7973
6016
77
6727
1680
5021
2049
1948
145
8018
5398
5174
9065
6989
6827
4731
7341
1637
926
1800
5471
7059
6147
8151
5273
7842
504
7962
8164
5433
1513
7356
2893
7741
1120
7694
3611
9632
6617
2389
1335
2810
4127
6113
6008
4033
6177
3237
931
6770
4229
6406
9036
5906
1198
8006
2411
4928
4434
944
3577
9565
7913
5839
5542
8642
7150
6650
8299
2780
656
7216
4894
4286
8878
7647
9782
7291
6823
6561
9471
9619
2708
2576
4797
532
6629
1328
1126
7662
7449
5135
5739
4762
3011
653
1593
4895
4828
862
2465
4299
2055
870
3922
1032
5340
7817
364
9686
1792
3775
1029
6413
6373
8747
9812
8585
5199
2524
1992
5243
1173
5677
240
3770
4866
1476
823
9051
4610
6935
4186
6993
5260
9461
7515
9396
4218
6179
625
8238
9016
1124
2569
5860
1864
7176
3787
6764
3192
6092
9095
6283
5399
8748
8203
8189
8102
2766
9430
1712
989
5108
3771
4823
2733
3988
227
7370
8246
5485
6210
747
5515
9894
3019
317
5680
6964
6507
834
428
4605
4284
5565
9587
1823
8495
4063
9710
5709
8910
1357
2636
1979
4977
3409
3205
6223
3803
4302
5071
4522
1389
8405
2884
1444
871
8267
4318
2202
9197
2598
5311
2263
613
7805
201
7460
4446
7386
1568
1166
6174
7136
5795
5847
4275
4516
8497
7709
5137
2326
7466
912
6009
5405
6834
9814
7809
3958
421
3081
7393
3390
8564
6344
8377
1786
9132
3960
7301
8890
4873
3041
1559
2585
8272
6688
6117
4223
370
9493
9415
9961
8083
7358
8954
7650
2253
3209
1733
6204
4545
5189
406
7995
9455
9714
5027
5531
2597
2089
3897
285
5403
7642
4786
16
2533
6468
9190
8012
5219
1665
9331
1079
197
6163
162
9110
450
2704
5964
3445
8771
9223
512
5659
8720
867
3470
9064
401
6325
3644
4355
7706
7146
5654
9991
8936
6996
6200
3737
7161
7051
3036
6072
331
8080
1297
7310
4049
6553
1861
5040
9109
6943
8845
631
8003
7229
4641
2528
8836
5297
9210
8118
7360
7345
7476
1543
2296
938
4
9441
3539
4813
9377
397
7532
2579
1768
8186
1395
8211
5825
1131
3416
210
8467
5610
5667
7383
6415
5473
8779
8838
5002
6044
7506
4111
8919
192
665
9788
4973
2647
8412
5165
7235
3048
3722
6624
1039
615
7044
8698
8613
1820
7556
4445
3157
4740
8657
3617
3086
3658
3013
2393
5926
7416
4616
6898
3757
1309
7629
9979
6957
8537
37
6576
2384
3074
1708
130
256
269
9127
5585
6339
2048
3571
7923
7769
2582
4458
2609
9875
2340
8608
568
2396
9626
1697
9837
7266
4741
7513
953
4466
1348
7767
1945
8391
9351
1933
2978
1483
3881
3753
5354
2366
8205
1023
9246
627
1930
2406
5797
3079
1054
6900
1522
3670
1981
5142
8860
9020
3826
7363
3743
7875
4417
9260
5481
9808
4024
6228
4152
3548
254
6477
9194
4006
7378
8036
4942
3815
6887
1093
3570
6338
1528
4155
1644
6140
366
8254
537
6678
8809
1305
9186
6463
9185
4711
1552
6267
191
1990
7240
7364
7978
6691
8220
6383
9763
8918
8687
657
2172
1518
1938
2631
3834
964
6083
9320
5571
2828
9453
1782
8127
8033
5193
974
3641
8707
3363
6619
2874
139
3247
2622
5704
8373
5383
4294
6017
4483
8760
8764
3216
2986
9760
1375
6306
170
505
4148
7756
3308
1849
8546
4502
1619
433
7260
8356
6229
2308
2118
4145
1898
2232
141
3399
329
7696
1932
1221
3606
4736
3550
9412
772
3915
39
2337
2680
6157
4576
6816
6707
2072
709
7010
1409
9615
1855
1826
2139
3136
6125
4590
7959
1175
2058
9464
7380
3151
996
1971
4381
7554
3533
7981
8123
8844
7949
7060
1314
6069
4296
8913
8137
9130
6538
3637
1068
5769
6905
9243
2227
6114
5637
9321
5741
1631
7429
655
3275
4505
9400
5701
3441
2567
8065
2612
3220
519
1809
5060
6173
8498
5865
7617
1336
5846
3391
27
2574
293
3299
2451
4567
6295
17
5892
8282
2730
8520
8699
9264
707
3612
682
1273
9720
5309
6569
4219
9450
8336
664
5644
5517
6034
1224
5096
5933
9695
3450
5345
7258
973
6202
8990
4984
7749
8331
3849
5979
5335
3797
2896
8329
6218
3619
7928
1393
7920
896
3231
5102
6966
5212
949
4524
5864
8996
2432
8635
7323
9839
3053
5414
1869
2043
3118
2300
4940
6951
8338
5251
3479
389
3397
3643
567
6686
5283
3781
529
4953
773
249
4929
1591
6695
2039
2785
1094
6909
811
3330
9245
2917
8688
7459
6981
1952
2244
9492
6362
9759
1645
8652
833
2808
1150
2286
7720
5678
3114
8527
5422
8778
3699
1657
7529
5281
5662
7063
415
5613
3783
3978
710
4745
5861
5270
3137
6141
4656
9119
4779
3693
7398
6541
6087
5095
788
8885
5126
921
4191
1450
3726
5168
2373
513
3760
7046
7984
9868
1853
9780
6491
5759
1647
2065
6162
5940
7954
1053
1490
4010
7313
3534
9944
6376
3687
4324
3148
2961
2196
6644
602
2488
7810
2002
3981
7152
7263
3601
2483
9967
4183
7583
1918
8512
3983
2540
3387
765
5397
1143
2356
2630
6913
2026
2892
7214
3323
9296
7442
6586
330
2641
9473
939
318
1586
3386
4978
3155
1497
4661
110
6782
8712
2885
4039
7601
5046
1185
6372
9523
9276
734
6421
5713
2542
5516
3595
9007
1148
4649
341
1177
3755
5722
2705
5541
5353
7524
4265
9881
4292
3879
1308
6960
6861
1021
265
9577
5068
4147
2392
534
5044
4640
8411
3378
9541
1830
5832
8583
3568
6531
1529
7419
7128
1784
7822
29
1995
1937
2012
7236
6500
3804
222
5524
7225
2538
209
5508
3928
5733
9435
2985
9361
8019
1730
7284
5919
6284
217
2848
5522
7907
6518
4662
4753
6735
506
3029
6116
4165
272
5386
8169
3808
7212
8839
2265
5232
1718
579
7944
2377
4951
6458
3436
4635
9988
8791
6121
7350
7516
6180
1757
9909
4685
2571
2044
8063
5196
2060
3997
7897
5130
5378
8287
947
2869
4806
1857
6671
6763
6566
8474
7512
2200
8556
4368
1885
593
347
3421
9236
856
7736
7942
1954
3061
5224
2097
461
2252
9124
5537
8903
1870
840
702
1326
9431
4529
5813
2439
6512
7096
8841
700
9500
4278
1540
4255
2682
4488
4805
3077
9307
8428
9802
8594
4964
9028
3163
3003
994
5092
8684
3287
1458
6975
3295
7924
624
6799
5591
9203
9040
4257
1352
9784
8618
1876
6654
358
9638
2747
6208
3448
9645
5200
9044
8140
2434
1288
4240
9618
9031
7319
5003
8896
2865
8313
6142
2907
3967
6928
9347
1633
4927
8883
8723
6368
917
7625
6881
1941
9202
6818
5901
4097
8049
8901
8818
6666
2287
7823
7175
5870
5298
6401
9866
9218
106
1463
9139
8334
3785
3283
6847
2343
276
9516
3089
113
5033
6400
4467
4013
2871
2566
452
4793
7827
7655
9000
8253
5774
2495
9989
5681
1555
1460
2456
4158
6864
2017
55
4969
9818
1072
3929
8620
4523
4542
6979
8484
7027
3837
787
4276
3031
5890
2787
7695
9281
9270
4077
9440
8977
4193
7147
8109
4422
2629
3301
2213
9344
1998
7261
6860
6700
2363
3452
6251
9201
8466
8800
1656
1577
43
9145
5988
1373
1142
2313
2512
4035
7151
1818
3132
1311
8279
4868
7652
4149
9017
3288
1369
4754
1330
1606
9172
9869
7570
2722
1355
2763
7692
6888
8477
6156
4362
8877
9852
4269
6999
8832
2332
5106
5447
6411
950
207
8222
6076
1879
9157
6319
7168
2491
1385
4136
3731
3516
122
6101
9810
5788
7834
6398
3854
6043
5455
4331
8060
5178
8210
6921
9342
3607
1976
779
4309
5239
8389
8182
2436
4831
3376
8545
1572
9242
2551
2964
4543
6323
9987
6181
8004
8308
8552
2248
4595
146
4651
2038
3939
1796
1997
7135
85
5664
6732
8007
2993
4327
6359
3940
8886
5780
2568
7033
2146
40
4133
1425
3850
9384
1666
5535
9937
9832
7362
9021
9294
1188
620
1567
3941
9745
1537
2834
7129
4465
9914
7947
5310
5491
1207
315
6713
9563
4004
9985
4675
2171
2099
2818
1627
9809
9713
1777
1481
6158
2536
5586
7336
2595
8676
4771
9525
1280
6332
4113
2413
9514
9429
6893
6797
7465
6347
8062
8680
6329
5660
4037
3900
8154
2278
9699
9617
806
2638
6045
7428
8374
8802
7079
919
864
9290
9701
8096
1500
1146
8960
9751
5882
9503
3835
6161
4335
2687
8786
3710
7576
6994
9303
3901
8434
3337
628
9721
7455
8715
2339
1694
6771
6457
409
2771
4333
2177
8084
2880
8025
2713
5025
4132
355
8511
7208
5146
168
1839
4023
1433
3302
5844
8294
7241
5679
3318
9690
2362
3334
8204
5624
7406
6384
4398
2344
9708
99
66
1446
3576
9324
8746
9813
4259
3537
8031
8141
2815
3865
6221
7485
9654
6438
1496
6231
8927
9673
7533
8435
7249
826
7787
7456
2129
741
2688
7593
1884
8259
5094
5316
9423
5576
1769
4749
8216
1916
9227
6393
6414
8014
6349
9221
3331
9603
3262
4604
2454
1313
7577
1000
8600
6886
5669
5213
2640
4997
4029
49
6789
9884
7968
8749
4968
4581
9092
7447
151
4032
4560
3766
8050
8863
7738
1157
8386
4380
9608
3690
4128
8762
5835
1103
1881
6503
7055
8340
4772
8640
7441
1541
560
6378
8159
8067
3759
9508
3026
1899
9842
1251
3392
9230
2119
4377
3677
2843
8815
5732
4747
6215
3008
8454
1265
2693
8615
7766
1810
4258
4208
8307
6884
6998
6710
961
4556
2679
5181
9547
7431
2972
7788
108
2455
7029
6188
2453
5435
7463
2040
8932
5886
5714
4180
717
5167
7579
8311
5971
7794
2061
2311
3857
922
6929
7043
6153
1510
3051
1607
3098
3253
1811
7394
5570
2050
4096
4352
1674
9546
8139
3927
2507
2506
8023
5091
3669
3966
5703
2945
1096
7179
2898
8383
4154
1871
4379
7618
7047
2510
26
6416
2547
1621
4580
5155
9454
7353
5921
9417
3895
730
212
232
8630
3767
5111
3113
4312
9890
9414
2409
982
2318
4948
4474
3965
5136
4798
5409
5501
9853
6138
5534
6529
3795
8895
8013
2905
1162
4734
5357
6396
6739
4404
4497
4628
9926
9205
3875
4919
4020
1801
1841
9707
6595
762
539
1414
9807
2104
2933
9411
1813
7332
2807
8158
3229
4268
4814
7432
2350
1749
761
2556
8904
8420
1186
5067
6024
6549
1417
6728
1404
1197
6408
6418
4423
7733
3291
3173
2490
5779
3273
515
9934
9529
9419
1824
8612
9630
7112
6278
2947
384
7553
7125
965
9953
8472
9069
1962
9509
5332
3792
7098
7227
641
8780
7522
5047
3786
3715
691
4554
6146
8861
4073
3241
1060
6812
9289
3552
8199
3037
1132
6676
3973
5611
9522
291
7102
7165
7859
419
6498
8909
3530
8275
4725
6364
5963
417
8005
873
1015
2471
7878
7718
8016
8209
7549
4837
6290
6647
7551
7418
8350
8269
255
2195
9764
1511
1601
5675
6605
3477
8359
4718
5494
2564
4513
7665
5216
223
3955
5548
6987
1205
500
1618
2959
1074
8662
5465
1815
7094
9481
4438
5274
3094
8515
41
3023
6409
3434
7053
960
8541
7861
7976
4531
4886
3319
3252
1210
6584
9468
9685
7084
117
9099
5438
3778
523
7321
7206
5503
3211
2056
6308
3911
8381
9405
8588
7922
4408
1790
5264
4461
2664
2973
9889
2511
6693
572
3622
3333
8638
8415
4224
3424
8914
9613
671
1494
8887
9103
1553
6848
5951
8305
7048
8173
2934
2827
6451
7486
6748
2857
755
5577
3176
3405
9348
8020
6606
3144
8393
9912
1066
8851
1359
7205
7246
5184
2410
4548
6535
5511
2745
1084
5554
7591
9317
9397
915
5011
6780
2840
2178
4121
3705
4702
6018
4490
3682
9102
1419
1902
8631
5935
6443
1560
245
9151
7653
4804
4495
1520
4427
284
894
7308
2031
4660
5401
9899
2073
3024
757
629
8971
7881
4237
6169
4834
1767
5285
6183
592
3765
8639
849
5000
5833
9319
8823
9015
6277
7495
1274
3256
5915
4336
4232
7
9709
8846
2069
9798
3038
9510
5750
3009
5440
8986
7656
4778
333
3529
5954
3208
4251
2619
9261
1145
5852
6720
8039
7905
7385
5456
3634
8086
1877
4622
2181
5244
2894
5294
8342
2653
3382
8963
3460
3841
9856
3025
3716
4972
771
7899
7334
4673
1635
1225
1575
3073
476
7322
6643
230
6972
8517
6489
4343
1556
2718
5097
7105
9213
5673
4315
1436
7080
8452
6527
1960
5618
4122
8726
5894
2090
8088
425
5818
7633
4116
7143
5549
2755
3129
8445
7843
9354
1868
385
884
3226
6098
5208
3310
701
1114
5428
7782
3664
8365
6394
5656
5075
9737
6219
9057
9026
2743
801
4468
8710
9815
2715
2758
3538
8147
812
4677
3831
3935
3234
784
5086
2742
2668
1817
5929
4712
8646
9915
5737
3949
9754
3650
5552
489
1302
4153
7316
7287
7405
2644
4739
3507
58
4534
1388
2322
7037
1088
4867
4795
3425
6788
9664
4227
4249
8989
9062
6288
6478
1418
3359
5728
8382
6346
1532
2242
400
4273
8478
8107
5581
5883
3044
6232
8543
4815
8236
3993
445
7835
8095
4748
251
2317
6879
603
5748
6984
6982
5622
150
9410
1457
9873
2450
4364
5568
6268
6577
8135
9958
5437
1797
9302
9434
6165
1966
8575
5575
1035
496
5642
6516
286
7004
5299
6926
7572
4850
2480
865
363
3185
277
5179
3235
8277
9622
5594
7427
3520
2084
9799
1701
1720
743
9978
2531
2639
7569
737
1740
4821
3189
805
9913
488
8258
5128
5869
3383
1687
5903
4546
1939
1187
9864
6060
9783
2283
1745
493
6983
8103
4407
1004
3014
8765
7640
6389
7347
1953
1554
6715
3403
7158
2667
4732
819
1775
2355
5411
1435
9046
9204
2939
2846
7856
6528
7119
4609
4306
8341
8866
2208
7832
2133
8366
6201
1332
9800
1641
3357
6207
4664
4791
2112
8540
8234
2493
2654
9154
4040
1940
4485
727
2264
652
5626
2614
6480
3495
7244
8955
2799
118
6327
7173
8491
5221
8155
1583
8283
9999
8030
3293
4957
706
5215
6128
4974
4526
8654
7716
7961
3515
7242
383
3324
2085
8787
7748
7355
1440
5782
1616
3822
1896
1787
8221
1361
2623
8603
7685
718
5589
5893
3020
6352
6337
3199
6922
909
9425
6237
9131
4975
6294
1783
1989
6809
4855
2143
3526
5227
7592
4700
9665
6869
165
8046
2635
6699
9401
4846
2447
6322
5957
6104
8485
2462
4936
3625
309
1320
8465
2782
4750
1107
3465
6287
7111
2477
7882
64
8413
1961
6835
1208
8232
6840
140
4277
4966
2694
9072
7359
155
5028
2565
3131
9439
7852
1863
5376
9278
2302
9121
4933
2496
3225
6791
6452
4755
552
5670
6106
1026
1766
7679
7181
47
6253
1836
9239
9998
9216
7293
2402
4104
8207
4059
5820
2912
6642
349
371
538
3810
1703
1935
817
3221
5346
4783
7921
9237
9895
6931
8184
1472
6704
546
4570
1172
2863
8874
9824
9621
7514
6388
5432
1329
5617
5631
832
8053
1882
6907
89
1087
92
3936
2405
2110
7772
9678
2074
7286
4293
885
8830
4902
2982
1636
8144
8339
5688
4457
9063
7228
2101
4125
835
7885
5034
4905
8213
5407
463
5716
8842
1228
2908
8417
4633
2127
9066
6866
1611
5766
5008
9902
962
3948
4342
4401
334
3152
9392
9477
1828
3853
3100
6620
7164
2673
7690
7110
2032
1100
901
455
2245
7469
226
7900
7778
781
786
4373
4848
7911
4512
4503
6855
9923
8534
5400
7484
4817
7250
8761
5100
9446
6399
9496
1271
9001
1396
9942
2549
9935
6307
7040
2007
3894
8673
4435
8115
6919
426
4185
7684
2401
7253
6567
5451
3811
1721
1585
1842
9594
2364
6857
7609
7026
4574
9049
74
4162
1289
591
1975
8822
7057
5647
1371
1507
7475
4353
4411
1097
3555
9034
10
6703
5187
3001
8448
1654
3146
7578
9078
2292
369
1058
9518
5927
2288
716
1471
517
5968
6986
4663
9238
1325
8425
7904
4618
5425
1499
2530
4552
1269
2426
9460
336
2861
9011
4308
1819
8116
1582
6846
9399
1957
3938
4607
4285
8664
6899
302
4448
5546
2573
752
6130
1461
2190
3934
5125
4708
4120
9039
7492
3140
6667
619
6462
5110
5114
3332
2000
7462
5683
9776
4735
8969
8551
6014
33
2601
5564
8070
6093
7071
2280
7186
7298
2850
9651
5960
2553
6757
4166
5272
1133
5615
2966
8849
6343
5717
6320
6729
7089
8773
9
9030
1851
9756
8610
838
439
5134
2215
3885
3499
8503
2014
159
7278
7970
8820
2260
2221
8119
7403
6355
7751
3423
4298
8201
1911
3944
7141
2013
438
6483
468
7039
202
8040
7712
4910
5912
4464
2351
1237
5304
6023
3989
1158
6574
7622
4266
6536
6425
9087
4215
9954
7272
5347
5358
9904
9323
774
6743
997
36
3068
5530
6073
9106
4967
5702
1843
3454
2942
6058
3975
5161
2662
9732
9373
5307
9700
4171
5362
9614
9027
9067
4261
8586
3487
3017
2587
6891
8824
9226
3039
7375
7804
8198
1912
8632
3393
5550
2437
8920
7502
8402
6742
8929
6904
235
5361
6918
8880
2463
5228
9568
288
9859
7680
4935
9056
8660
184
7613
4897
2328
4506
3056
9013
2839
1416
3918
556
9977
1253
6790
1748
6167
8470
9995
6868
6226
7117
9744
3662
5895
7896
6317
1993
3521
4937
7824
5742
7338
6074
6048
6522
5163
6883
7908
9169
6665
7537
1623
8357
2153
5598
1545
985
9427
8274
7243
3498
2008
9330
301
5958
405
5379
1164
1056
4981
5715
9711
1322
668
4143
1677
6889
767
6213
4365
6787
8162
2485
9012
8243
5730
9612
5955
2321
6550
5393
6356
3930
9770
6082
5289
1602
9299
4876
9584
8446
7497
9224
7612
3443
7637
550
9698
5463
2977
78
3343
4681
8406
5875
6582
3718
3779
7784
3259
4281
3314
2255
6612
4710
7207
7413
5810
4374
3518
3120
7791
7750
1161
8194
5005
4252
4571
3165
4667
8950
4697
9463
9936
6858
9605
6920
9785
4561
87
6533
9657
9748
6751
413
3675
4403
903
3732
7299
3422
8041
705
7582
7639
2107
9932
9280
7508
4648
2806
7435
1533
9911
951
2792
7874
3652
8262
34
6722
7067
2970
7384
7890
3912
7802
9773
7775
1217
6224
4528
4958
7408
7430
1002
6958
6736
1732
2276
8052
5472
636
5430
3563
5183
8479
2168
7825
9501
4043
443
7001
5164
7909
5389
6150
382
1292
6405
5148
3952
8486
3514
1222
4146
5652
4914
1728
3338
3032
2669
2924
5874
4559
4730
4994
1284
2943
5726
4444
7903
7729
8400
8931
611
1547
4659
2692
4256
295
6947
8353
3697
2111
2888
7715
1081
8093
7054
9037
4085
8463
3463
1746
9646
9378
6668
399
173
686
3608
3475
8085
1117
3187
6628
6211
8991
8621
859
7022
9816
5850
5601
2381
5257
5815
2527
626
1077
2760
7801
8947
3030
9918
2833
8624
7977
2489
8561
742
1673
9352
3245
1101
1806
9598
238
8190
7667
4517
4680
3546
3481
8278
4539
2802
362
4586
3540
9534
1255
1229
9940
8333
9582
2262
8533
7925
7402
9334
6357
1765
2075
2725
4911
4665
855
6479
7586
1464
8648
6441
2882
2045
7023
9960
5233
9445
9527
287
7739
7781
7761
9159
7373
2309
8894
1301
3554
9575
4316
852
9408
4603
1523
5320
6663
566
9849
6021
543
1256
8387
9627
4182
4842
8037
4900
4769
6706
5952
3762
7779
5242
3195
3616
9274
2544
1290
7946
3508
7538
5010
8423
7400
5300
4022
640
525
6361
7957
3178
8803
798
5341
3535
8967
6842
4346
3440
9611
5802
4139
4442
658
5665
3708
1291
5072
3267
5427
8160
3401
2921
2762
580
5001
4393
292
8529
6233
6944
5923
9517
7000
4012
2852
4845
7547
4878
6594
1955
6031
7614
1194
8976
8731
